R_x: 503.26
R_y: 307.15
R_theta: 3.141592
R_vel_x: -1.0
R_vel_y: 0.0
L_x: 503.14
L_y: 339.51
L_theta: 3.141592
L_vel_x: -1.0
L_vel_y: 0.0