R_x: 499.14
R_y: 339.51
R_theta: 3.141592
R_vel_x: -1.0
R_vel_y: 0.0
L_x: 499.14
L_y: 307.15
L_theta: 3.141592
L_vel_x: -1.0
L_vel_y: 0.0